 SIM=[1,0,0,0.44,0.45,0.48,0,0,0,0;
      0,1,0,0.46,0.37,0.37,0.47,0,0.55,0.35;
      0,0,1,0,0,0.43,0.54,0.28,0.54,0.41;
      0.44,0.37,0,1,0.35,0,0.65,0.47,0.26,0.7;
      0.45,0.37,0,0.35,1,0.38,0,0,0,0;
      0.48,0.37,0.43,0,0.38,1,0.34,0.42,0,0.37;
      0,0.47,0.54,0.65,0,0.34,1,0.78,0.36,0.82;
      0,0,0.28,0.26,0,0,0.36,1,0,0.7;
      0,0.55,0.54,0.26,0,0,0.36,0,1,0.64;
      0,0.35,0.41,0.7,0,0.37,0.82,0.7,0.64,1
     ];
